5.020000000000000000e+02
5.180000000000000000e+02
7.820000000000000000e+02
2.930000000000000000e+03
2.784000000000000000e+03
2.009000000000000000e+03
1.860000000000000000e+02
2.159000000000000000e+03
1.968000000000000000e+03
8.287000000000000000e+03
2.473000000000000000e+03
1.718000000000000000e+03
1.480000000000000000e+03
1.453000000000000000e+03
5.806000000000000000e+03
1.681200000000000000e+04
6.483000000000000000e+03
6.996000000000000000e+03
1.070200000000000000e+04
1.639000000000000000e+03
3.430000000000000000e+03
3.470600000000000000e+04
9.513000000000000000e+03
8.121000000000000000e+03
2.622800000000000000e+04
